35,40
35,39
35,38
0,394
0,393
0,392
33,91
33,90
33,89
33,88
33,87
35,37
35,36
0,389
35,35
0,387
0,386
35,34
0,385
35,33
0,384
0,471
0,468
35,32
35,31
0,465
35,30
0,464
35,29
35,28
35,27
35,26
35,25
0,575
35,24
0,574
35,23
0,573
0,572
35,22
0,571
35,21
35,20
35,19
0,570
0,569
0,568
35,18
0,452
35,17
35,16
0,567
35,15
0,566
35,14
0,565
35,13
0,564
0,563
0,562
0,561
0,560
0,559
0,558
35,12
48,36
35,11
0,557
0,556
0,555
0,554
0,553
0,552
0,551
0,550
0,398
0,549
33,86
0,548
0,547
35,10
0,546
0,545
0,474
0,388
27,5
24,5
29,3
29,1
29,4
26,4
26,1
26,3
28,4
28,5
28,1
28,3
27,3
25,5
31,4
31,5
31,1
31,3
48,35
33,4
25,4
25,1
25,3
24,4
24,1
24,3
14,5
33,5
33,3
10,279
10,137
10,207
10,233
10,95
10,143
10,253
11,8
11,6
11,16
11,21
11,23
11,5
11,2
11,3
9,5
8,9
8,8
8,17
8,11
8,18
8,14
8,13
0,318
12,2
12,1
12,3
20,2
20,1
20,3
19,2
19,1
19,3
35,9
35,8
